Class: 0
  Feature: key
    Outliers Count: 0
    Outlier Values: []

  Feature: valence
    Outliers Count: 6
    Outlier Values: [0.974, 0.941, 0.961, 0.906, 0.947, 0.927]

  Feature: Popularity
    Outliers Count: 0
    Outlier Values: []

  Feature: energy
    Outliers Count: 0
    Outlier Values: []

  Feature: loudness
    Outliers Count: 10
    Outlier Values: [-19.549, -22.32, -18.174, -18.963, -22.533, -18.152, -1.541, -19.854, -18.198, -23.455]

  Feature: speechiness
    Outliers Count: 54
    Outlier Values: [0.176, 0.145, 0.0903, 0.0654, 0.0749, 0.1, 0.102, 0.0948, 0.0693, 0.181, 0.114, 0.0831, 0.108, 0.0795, 0.0733, 0.201, 0.132, 0.0717, 0.0748, 0.0927, 0.184, 0.0823, 0.0871, 0.0937, 0.18, 0.124, 0.0874, 0.0835, 0.105, 0.198, 0.0755, 0.131, 0.0874, 0.165, 0.151, 0.0661, 0.0702, 0.151, 0.0765, 0.102, 0.0746, 0.0691, 0.223, 0.0735, 0.0736, 0.0752, 0.187, 0.0894, 0.084, 0.0745, 0.0864, 0.0665, 0.103, 0.211]

  Feature: tempo
    Outliers Count: 0
    Outlier Values: []

  Feature: acousticness
    Outliers Count: 0
    Outlier Values: []

  Feature: liveness
    Outliers Count: 74
    Outlier Values: [0.375, 0.368, 0.712, 0.23, 0.685, 0.354, 0.287, 0.4, 0.292, 0.233, 0.304, 0.459, 0.633, 0.274, 0.353, 0.258, 0.281, 0.393, 0.457, 0.704, 0.393, 0.359, 0.27, 0.365, 0.438, 0.341, 0.233, 0.384, 0.691, 0.739, 0.234, 0.402, 0.297, 0.229, 0.357, 0.289, 0.403, 0.334, 0.686, 0.453, 0.287, 0.292, 0.234, 0.309, 0.313, 0.222, 0.287, 0.726, 0.236, 0.231, 0.438, 0.644, 0.233, 0.353, 0.294, 0.346, 0.329, 0.259, 0.287, 0.352, 0.49, 0.235, 0.263, 0.309, 0.422, 0.279, 0.362, 0.328, 0.374, 0.326, 0.305, 0.41, 0.248, 0.702]

  Feature: danceability
    Outliers Count: 1
    Outlier Values: [0.155]

  Feature: duration_in min/ms
    Outliers Count: 33
    Outlier Values: [6.484166667, 7.023266667, 1.365333333, 8.44555, 11.61245, 12.56333333, 7.54045, 8.3397, 8.096216667, 7.35, 8.51725, 7.08, 6.48, 6.865116667, 6.656, 6.377783333, 6.682616667, 9.184883333, 6.875733333, 11.2, 6.686216667, 6.357333333, 1.027483333, 6.770933333, 10.82266667, 8.905116667, 8.558216667, 23.29155, 6.397116667, 8.47275, 6.932883333, 7.05885, 6.64285]

Class: 1
  Feature: key
    Outliers Count: 0
    Outlier Values: []

  Feature: valence
    Outliers Count: 0
    Outlier Values: []

  Feature: Popularity
    Outliers Count: 18
    Outlier Values: [2.0, 3.0, 2.0, 6.0, 3.0, 1.0, 2.0, 89.0, 1.0, 4.0, 4.0, 85.0, 1.0, 85.0, 84.0, 2.0, 86.0, 84.0]

  Feature: energy
    Outliers Count: 33
    Outlier Values: [0.117, 0.0952, 0.0712, 0.112, 0.13, 0.0118, 0.0356, 0.122, 0.00301, 0.0667, 0.111, 0.0964, 0.129, 0.0791, 0.0123, 0.0846, 0.0729, 0.0999, 0.0259, 0.0625, 0.0817, 0.0562, 0.0456, 0.0542, 0.0372, 0.0885, 0.0221, 0.101, 0.0163, 0.0129, 0.0213, 0.0612, 0.0835]

  Feature: loudness
    Outliers Count: 62
    Outlier Values: [-20.924, -21.35, -24.035, -16.843, -18.45, -17.167, -17.638, -33.838, -32.22, -19.696, -19.74, 1.342, -18.526, -17.301, -32.42, -17.119, -20.758, -28.013, -20.447, -19.926, -15.87, -16.576, -15.474, -27.538, -17.797, -18.496, -18.251, -23.738, -29.161, -23.906, -18.168, -17.834, -18.612, -17.521, -18.822, -14.981, -30.016, -15.327, -17.042, -23.396, -23.811, -21.361, -24.389, -15.366, -24.913, -21.903, -15.432, -15.561, -23.323, -28.639, -20.682, -21.88, -20.892, -16.117, -19.867, -29.399, -22.668, -24.814, -18.604, -16.375, -25.266, -25.131]

  Feature: speechiness
    Outliers Count: 143
    Outlier Values: [0.292, 0.219, 0.251, 0.132, 0.446, 0.157, 0.171, 0.367, 0.241, 0.211, 0.21, 0.394, 0.228, 0.124, 0.249, 0.183, 0.19, 0.15, 0.217, 0.345, 0.38, 0.305, 0.259, 0.121, 0.236, 0.199, 0.141, 0.186, 0.424, 0.177, 0.219, 0.295, 0.14, 0.287, 0.149, 0.266, 0.496, 0.143, 0.148, 0.123, 0.182, 0.124, 0.177, 0.219, 0.138, 0.178, 0.142, 0.144, 0.171, 0.267, 0.273, 0.33, 0.146, 0.177, 0.243, 0.155, 0.154, 0.439, 0.301, 0.126, 0.364, 0.177, 0.343, 0.141, 0.134, 0.221, 0.357, 0.156, 0.158, 0.366, 0.374, 0.164, 0.197, 0.239, 0.151, 0.301, 0.144, 0.274, 0.143, 0.193, 0.169, 0.274, 0.132, 0.157, 0.124, 0.357, 0.32, 0.4, 0.429, 0.236, 0.138, 0.173, 0.125, 0.318, 0.191, 0.29, 0.151, 0.223, 0.15, 0.422, 0.252, 0.372, 0.169, 0.368, 0.17, 0.146, 0.224, 0.134, 0.128, 0.171, 0.174, 0.307, 0.217, 0.139, 0.149, 0.21, 0.128, 0.122, 0.332, 0.55, 0.165, 0.132, 0.304, 0.148, 0.149, 0.274, 0.152, 0.144, 0.225, 0.197, 0.329, 0.209, 0.376, 0.126, 0.122, 0.135, 0.125, 0.129, 0.539, 0.183, 0.124, 0.152, 0.333]

  Feature: tempo
    Outliers Count: 4
    Outlier Values: [209.06, 216.091, 217.416, 216.053]

  Feature: acousticness
    Outliers Count: 117
    Outlier Values: [0.759, 0.742, 0.743, 0.937, 0.964, 0.714, 0.91, 0.939, 0.767, 0.93, 0.758, 0.836, 0.957, 0.715, 0.757, 0.954, 0.989, 0.952, 0.975, 0.895, 0.911, 0.715, 0.75, 0.727, 0.714, 0.946, 0.925, 0.917, 0.991, 0.94, 0.878, 0.975, 0.786, 0.794, 0.77, 0.865, 0.715, 0.856, 0.716, 0.961, 0.906, 0.931, 0.88, 0.873, 0.819, 0.71, 0.873, 0.803, 0.967, 0.793, 0.993, 0.852, 0.96, 0.723, 0.735, 0.985, 0.923, 0.982, 0.82, 0.792, 0.777, 0.965, 0.708, 0.994, 0.996, 0.783, 0.919, 0.739, 0.872, 0.785, 0.744, 0.795, 0.946, 0.769, 0.746, 0.898, 0.969, 0.979, 0.984, 0.988, 0.956, 0.867, 0.96, 0.859, 0.912, 0.716, 0.805, 0.926, 0.893, 0.922, 0.853, 0.712, 0.994, 0.875, 0.941, 0.914, 0.707, 0.869, 0.984, 0.786, 0.811, 0.939, 0.949, 0.985, 0.976, 0.805, 0.905, 0.966, 0.977, 0.793, 0.867, 0.883, 0.984, 0.783, 0.728, 0.788, 0.95]

  Feature: liveness
    Outliers Count: 54
    Outlier Values: [0.518, 0.665, 0.67, 0.546, 0.733, 0.607, 0.508, 0.514, 0.538, 0.653, 0.544, 0.932, 0.519, 0.546, 0.613, 0.673, 0.605, 0.544, 0.603, 0.7, 0.519, 0.498, 0.547, 0.536, 0.593, 0.675, 0.576, 0.752, 0.575, 0.811, 0.565, 0.582, 0.574, 0.68, 0.658, 0.605, 0.759, 0.653, 0.571, 0.553, 0.78, 0.603, 0.691, 0.573, 0.662, 0.619, 0.754, 0.897, 0.793, 0.65, 0.605, 0.514, 0.956, 0.499]

  Feature: danceability
    Outliers Count: 2
    Outlier Values: [0.0855, 0.0731]

  Feature: duration_in min/ms
    Outliers Count: 55
    Outlier Values: [67720.0, 387547.0, 436630.0, 397813.0, 449160.0, 384907.0, 463653.0, 357419.0, 409440.0, 522267.0, 420901.0, 497138.0, 386085.0, 461947.0, 378373.0, 417800.0, 358283.0, 373893.0, 447000.0, 358282.0, 75760.0, 406987.0, 450547.0, 367363.0, 371625.0, 359987.0, 378192.0, 450547.0, 357693.0, 408173.0, 431973.0, 400867.0, 63214.0, 380027.0, 412603.0, 576703.0, 382800.0, 433573.0, 619787.0, 378118.0, 509147.0, 465333.0, 464390.0, 362493.0, 407533.0, 383101.0, 385920.0, 392792.0, 394120.0, 366957.0, 645000.0, 81641.0, 429760.0, 419307.0, 382797.0]

Class: 2
  Feature: key
    Outliers Count: 0
    Outlier Values: []

  Feature: valence
    Outliers Count: 0
    Outlier Values: []

  Feature: Popularity
    Outliers Count: 12
    Outlier Values: [74.0, 69.0, 66.0, 75.0, 66.0, 76.0, 66.0, 71.0, 75.0, 69.0, 66.0, 66.0]

  Feature: energy
    Outliers Count: 0
    Outlier Values: []

  Feature: loudness
    Outliers Count: 24
    Outlier Values: [-19.991, -19.926, -20.88, -24.249, -24.372, -22.487, -22.557, -19.213, -22.241, -20.977, -23.806, -23.822, -19.053, -19.952, -22.977, -19.28, -19.793, -18.928, -19.063, -19.432, -23.47, -19.063, -21.57, -19.872]

  Feature: speechiness
    Outliers Count: 120
    Outlier Values: [0.148, 0.133, 0.112, 0.223, 0.416, 0.127, 0.119, 0.258, 0.362, 0.132, 0.177, 0.195, 0.139, 0.166, 0.196, 0.144, 0.163, 0.301, 0.122, 0.145, 0.369, 0.137, 0.114, 0.12, 0.175, 0.25, 0.11, 0.11, 0.113, 0.132, 0.145, 0.132, 0.248, 0.129, 0.199, 0.11, 0.145, 0.13, 0.158, 0.138, 0.163, 0.215, 0.252, 0.161, 0.113, 0.246, 0.315, 0.289, 0.115, 0.26, 0.186, 0.185, 0.126, 0.125, 0.182, 0.285, 0.154, 0.14, 0.164, 0.514, 0.11, 0.126, 0.119, 0.157, 0.229, 0.143, 0.127, 0.224, 0.161, 0.369, 0.161, 0.164, 0.579, 0.147, 0.12, 0.136, 0.146, 0.146, 0.122, 0.127, 0.402, 0.14, 0.131, 0.121, 0.16, 0.114, 0.116, 0.597, 0.112, 0.162, 0.15, 0.156, 0.332, 0.172, 0.118, 0.114, 0.117, 0.136, 0.162, 0.121, 0.186, 0.118, 0.29, 0.141, 0.132, 0.14, 0.155, 0.113, 0.112, 0.165, 0.27, 0.306, 0.19, 0.167, 0.128, 0.12, 0.121, 0.158, 0.393, 0.14]

  Feature: tempo
    Outliers Count: 0
    Outlier Values: []

  Feature: acousticness
    Outliers Count: 0
    Outlier Values: []

  Feature: liveness
    Outliers Count: 81
    Outlier Values: [0.975, 0.974, 0.847, 0.692, 0.859, 0.626, 0.591, 0.676, 0.527, 0.727, 0.679, 0.899, 0.712, 0.819, 0.633, 0.913, 0.734, 0.527, 0.866, 0.986, 0.704, 0.523, 0.716, 0.93, 0.841, 0.61, 0.594, 0.641, 0.648, 0.979, 0.983, 0.863, 0.96, 0.517, 0.616, 0.879, 0.747, 0.689, 0.68, 0.879, 0.986, 0.927, 0.84, 0.855, 0.849, 0.635, 0.958, 0.719, 0.653, 0.868, 0.982, 0.587, 0.702, 0.677, 0.531, 0.604, 0.953, 0.77, 0.976, 0.937, 0.741, 0.95, 0.968, 0.75, 0.961, 0.685, 0.752, 0.734, 0.706, 0.784, 0.987, 0.983, 0.965, 0.77, 0.687, 0.7, 0.525, 0.706, 0.982, 0.813, 0.666]

  Feature: danceability
    Outliers Count: 5
    Outlier Values: [0.143, 0.167, 0.947, 0.177, 0.15]

  Feature: duration_in min/ms
    Outliers Count: 67
    Outlier Values: [443053.0, 682173.0, 464667.0, 762667.0, 590720.0, 421080.0, 457892.0, 511427.0, 469445.0, 461533.0, 444148.0, 421219.0, 437573.0, 586493.0, 561067.0, 592507.0, 429400.0, 469445.0, 423160.0, 442400.0, 467427.0, 427000.0, 425787.0, 456360.0, 635272.0, 595680.0, 463973.0, 501010.0, 556227.0, 461480.0, 497133.0, 431040.0, 515000.0, 509608.0, 599678.0, 546000.0, 437358.0, 430293.0, 450133.0, 446207.0, 435427.0, 548440.0, 692747.0, 422813.0, 514867.0, 464613.0, 922506.0, 500627.0, 482278.0, 650747.0, 429267.0, 423840.0, 505453.0, 910480.0, 513573.0, 650467.0, 504893.0, 787933.0, 427960.0, 429067.0, 428578.0, 425853.0, 430133.0, 548827.0, 505267.0, 464085.0, 688133.0]

Class: 3
  Feature: key
    Outliers Count: 0
    Outlier Values: []

  Feature: valence
    Outliers Count: 0
    Outlier Values: []

  Feature: Popularity
    Outliers Count: 0
    Outlier Values: []

  Feature: energy
    Outliers Count: 0
    Outlier Values: []

  Feature: loudness
    Outliers Count: 7
    Outlier Values: [-18.311, -17.85, -18.287, -18.084, -18.551, -17.923, -1.036]

  Feature: speechiness
    Outliers Count: 46
    Outlier Values: [0.328, 0.438, 0.242, 0.373, 0.209, 0.295, 0.274, 0.141, 0.302, 0.221, 0.204, 0.182, 0.543, 0.193, 0.165, 0.441, 0.415, 0.148, 0.461, 0.217, 0.213, 0.257, 0.496, 0.252, 0.208, 0.188, 0.2, 0.351, 0.16, 0.198, 0.147, 0.165, 0.259, 0.15, 0.398, 0.218, 0.143, 0.149, 0.17, 0.329, 0.141, 0.174, 0.245, 0.223, 0.52, 0.362]

  Feature: tempo
    Outliers Count: 2
    Outlier Values: [207.806, 190.617]

  Feature: acousticness
    Outliers Count: 14
    Outlier Values: [0.129, 0.0294, 0.13, 0.0874, 0.00151, 0.109, 0.136, 0.00882, 0.0367, 0.0451, 0.109, 0.0983, 0.013, 0.0826]

  Feature: liveness
    Outliers Count: 22
    Outlier Values: [0.657, 0.801, 0.656, 0.672, 0.859, 0.898, 0.792, 0.811, 0.652, 0.678, 0.667, 0.935, 0.752, 0.923, 0.92, 0.825, 0.708, 0.698, 0.851, 0.677, 0.827, 0.671]

  Feature: danceability
    Outliers Count: 3
    Outlier Values: [0.853, 0.836, 0.844]

  Feature: duration_in min/ms
    Outliers Count: 10
    Outlier Values: [29.45, 10.94266667, 9.08445, 21.59266667, 18.70978333, 10.54933333, 11.80366667, 29.886, 10.23036667, 20.42421667]

Class: 4
  Feature: key
    Outliers Count: 0
    Outlier Values: []

  Feature: valence
    Outliers Count: 0
    Outlier Values: []

  Feature: Popularity
    Outliers Count: 8
    Outlier Values: [2.0, 1.0, 17.0, 12.0, 2.0, 2.0, 18.0, 14.0]

  Feature: energy
    Outliers Count: 0
    Outlier Values: []

  Feature: loudness
    Outliers Count: 3
    Outlier Values: [-20.508, -21.114, -20.219]

  Feature: speechiness
    Outliers Count: 27
    Outlier Values: [0.108, 0.11, 0.0641, 0.0991, 0.173, 0.0803, 0.0776, 0.0811, 0.0726, 0.0646, 0.0759, 0.0712, 0.0857, 0.0719, 0.332, 0.177, 0.0856, 0.351, 0.141, 0.114, 0.0791, 0.065, 0.191, 0.111, 0.107, 0.0926, 0.0782]

  Feature: tempo
    Outliers Count: 0
    Outlier Values: []

  Feature: acousticness
    Outliers Count: 0
    Outlier Values: []

  Feature: liveness
    Outliers Count: 18
    Outlier Values: [0.369, 0.937, 0.904, 0.948, 0.459, 0.512, 0.389, 0.383, 0.556, 0.405, 0.48, 0.36, 0.453, 0.741, 0.386, 0.528, 0.374, 0.63]

  Feature: danceability
    Outliers Count: 5
    Outlier Values: [0.92, 0.901, 0.259, 0.281, 0.877]

  Feature: duration_in min/ms
    Outliers Count: 9
    Outlier Values: [5.033116667, 5.384, 5.00555, 5.360666667, 5.10045, 4.998883333, 4.972883333, 5.189333333, 5.591333333]

Class: 5
  Feature: key
    Outliers Count: 0
    Outlier Values: []

  Feature: valence
    Outliers Count: 0
    Outlier Values: []

  Feature: Popularity
    Outliers Count: 0
    Outlier Values: []

  Feature: energy
    Outliers Count: 15
    Outlier Values: [0.146, 0.0412, 0.0437, 0.0595, 0.102, 0.188, 0.206, 0.0948, 0.111, 0.0563, 0.127, 0.181, 0.0832, 0.15, 0.142]

  Feature: loudness
    Outliers Count: 34
    Outlier Values: [-14.163, -21.749, -22.627, -26.964, 0.119, -19.061, -13.843, -18.273, -13.945, -18.246, -14.002, -14.259, -13.819, -17.369, -16.169, -23.295, -25.174, -14.943, -14.659, -16.069, -13.912, -13.918, -18.856, -16.53, -14.439, -14.867, -18.816, -15.364, -19.947, -14.59, -17.737, -14.004, -19.112, -14.029]

  Feature: speechiness
    Outliers Count: 11
    Outlier Values: [0.73, 0.937, 0.862, 0.723, 0.851, 0.935, 0.955, 0.84, 0.891, 0.872, 0.92]

  Feature: tempo
    Outliers Count: 1
    Outlier Values: [212.049]

  Feature: acousticness
    Outliers Count: 53
    Outlier Values: [0.784, 0.816, 0.995, 0.734, 0.989, 0.857, 0.982, 0.714, 0.82, 0.792, 0.782, 0.729, 0.766, 0.73, 0.849, 0.73, 0.775, 0.826, 0.778, 0.756, 0.729, 0.749, 0.867, 0.806, 0.771, 0.798, 0.977, 0.792, 0.761, 0.74, 0.754, 0.782, 0.914, 0.763, 0.792, 0.891, 0.874, 0.822, 0.815, 0.752, 0.949, 0.84, 0.827, 0.936, 0.763, 0.907, 0.817, 0.742, 0.793, 0.871, 0.792, 0.87, 0.855]

  Feature: liveness
    Outliers Count: 87
    Outlier Values: [0.846, 0.693, 0.641, 0.54, 0.567, 0.499, 0.694, 0.527, 0.679, 0.629, 0.546, 0.517, 0.566, 0.556, 0.599, 0.918, 0.601, 0.568, 0.688, 0.68, 0.639, 0.553, 0.764, 0.534, 0.771, 0.951, 0.762, 0.683, 0.543, 0.502, 0.732, 0.66, 0.508, 0.723, 0.577, 0.485, 0.618, 0.623, 0.846, 0.714, 0.678, 0.536, 0.566, 0.557, 0.555, 0.647, 0.861, 0.485, 0.623, 0.671, 0.616, 0.826, 0.589, 0.906, 0.527, 0.908, 0.648, 0.607, 0.608, 0.615, 0.646, 0.696, 0.845, 0.655, 0.687, 0.617, 0.61, 0.706, 0.515, 0.527, 0.714, 0.653, 0.853, 0.727, 0.56, 0.528, 0.572, 0.713, 0.744, 0.577, 0.606, 0.889, 0.553, 0.556, 0.604, 0.71, 0.814]

  Feature: danceability
    Outliers Count: 13
    Outlier Values: [0.338, 0.313, 0.344, 0.339, 0.301, 0.138, 0.287, 0.266, 0.279, 0.337, 0.247, 0.258, 0.334]

  Feature: duration_in min/ms
    Outliers Count: 28
    Outlier Values: [652320.0, 401267.0, 435373.0, 354640.0, 452773.0, 365480.0, 621000.0, 353347.0, 433267.0, 398400.0, 411895.0, 811077.0, 391693.0, 383037.0, 665080.0, 359693.0, 358525.0, 413560.0, 469267.0, 498827.0, 355973.0, 370533.0, 370611.0, 446533.0, 426333.0, 527760.0, 365387.0, 369573.0]

Class: 6
  Feature: key
    Outliers Count: 0
    Outlier Values: []

  Feature: valence
    Outliers Count: 0
    Outlier Values: []

  Feature: Popularity
    Outliers Count: 1
    Outlier Values: [89.0]

  Feature: energy
    Outliers Count: 14
    Outlier Values: [0.00717, 0.0389, 0.0391, 0.0279, 0.0193, 0.0017, 0.00554, 0.0187, 2.03e-05, 0.0359, 0.00395, 0.00124, 0.0118, 0.0072]

  Feature: loudness
    Outliers Count: 108
    Outlier Values: [0.878, -18.251, -15.944, -22.639, -17.666, -17.285, -21.824, -19.055, -21.022, -18.11, -16.509, -22.079, -17.868, -23.13, -19.848, -20.405, -17.339, -16.642, -21.748, -22.414, -19.06, -23.658, -29.617, -17.154, -27.043, -18.456, -20.596, -17.165, -23.811, -16.73, -16.775, -20.404, -18.131, -21.52, -30.124, -16.945, -18.141, 1.342, -22.8, -22.159, -27.629, -17.754, -19.37, -23.48, -28.322, -23.396, -17.151, -22.094, -25.285, -16.643, -16.566, -17.031, -19.057, -19.453, -19.156, -17.638, -16.932, -21.091, -34.825, -16.117, -20.87, -28.545, -17.199, -20.043, -17.747, -21.203, -16.729, -16.373, -17.091, -16.633, -15.922, -16.211, -15.931, -18.555, -34.378, -23.625, -18.788, -17.692, -19.045, -16.821, -16.927, -30.558, -22.355, -25.279, -17.572, -17.424, -30.245, -15.92, -16.729, -25.363, -19.559, -18.73, -17.288, -24.253, -20.449, -20.157, -20.901, -16.2, -28.505, -16.149, -16.174, -18.521, -20.951, -20.501, -17.706, -29.808, -20.394, -17.1]

  Feature: speechiness
    Outliers Count: 308
    Outlier Values: [0.123, 0.207, 0.29, 0.186, 0.157, 0.122, 0.119, 0.325, 0.39, 0.117, 0.202, 0.334, 0.206, 0.186, 0.152, 0.132, 0.118, 0.335, 0.43, 0.247, 0.244, 0.136, 0.145, 0.172, 0.218, 0.166, 0.155, 0.31, 0.208, 0.392, 0.205, 0.364, 0.21, 0.418, 0.122, 0.138, 0.307, 0.146, 0.16, 0.294, 0.164, 0.144, 0.14, 0.199, 0.357, 0.219, 0.145, 0.166, 0.132, 0.141, 0.328, 0.136, 0.128, 0.134, 0.185, 0.15, 0.43, 0.157, 0.19, 0.514, 0.165, 0.327, 0.116, 0.175, 0.678, 0.177, 0.199, 0.132, 0.268, 0.267, 0.139, 0.239, 0.133, 0.234, 0.262, 0.12, 0.133, 0.394, 0.124, 0.208, 0.497, 0.179, 0.217, 0.308, 0.38, 0.352, 0.185, 0.23, 0.429, 0.161, 0.119, 0.177, 0.225, 0.377, 0.128, 0.182, 0.151, 0.29, 0.193, 0.143, 0.143, 0.209, 0.12, 0.224, 0.46, 0.144, 0.156, 0.203, 0.287, 0.245, 0.143, 0.333, 0.117, 0.177, 0.226, 0.405, 0.15, 0.195, 0.304, 0.268, 0.225, 0.12, 0.159, 0.142, 0.181, 0.477, 0.123, 0.347, 0.116, 0.18, 0.29, 0.152, 0.241, 0.376, 0.27, 0.337, 0.276, 0.415, 0.155, 0.287, 0.287, 0.151, 0.139, 0.151, 0.158, 0.278, 0.326, 0.226, 0.194, 0.211, 0.219, 0.153, 0.272, 0.458, 0.145, 0.198, 0.229, 0.148, 0.177, 0.119, 0.183, 0.215, 0.161, 0.245, 0.302, 0.299, 0.125, 0.135, 0.499, 0.213, 0.178, 0.128, 0.226, 0.146, 0.243, 0.447, 0.154, 0.15, 0.425, 0.145, 0.264, 0.153, 0.122, 0.135, 0.171, 0.177, 0.141, 0.238, 0.303, 0.417, 0.204, 0.377, 0.118, 0.379, 0.301, 0.151, 0.309, 0.167, 0.148, 0.119, 0.368, 0.132, 0.27, 0.145, 0.239, 0.13, 0.171, 0.182, 0.2, 0.379, 0.338, 0.35, 0.177, 0.12, 0.131, 0.221, 0.149, 0.123, 0.161, 0.333, 0.422, 0.175, 0.133, 0.13, 0.121, 0.619, 0.132, 0.118, 0.12, 0.243, 0.443, 0.145, 0.134, 0.122, 0.117, 0.371, 0.543, 0.19, 0.149, 0.186, 0.145, 0.229, 0.219, 0.294, 0.325, 0.119, 0.32, 0.129, 0.21, 0.15, 0.378, 0.123, 0.301, 0.234, 0.151, 0.125, 0.134, 0.267, 0.133, 0.19, 0.125, 0.173, 0.208, 0.171, 0.123, 0.143, 0.117, 0.126, 0.232, 0.134, 0.12, 0.264, 0.157, 0.133, 0.254, 0.148, 0.38, 0.192, 0.354, 0.143, 0.135, 0.28, 0.156, 0.14, 0.119, 0.129, 0.266, 0.221, 0.159, 0.14, 0.134, 0.147, 0.195, 0.128, 0.21, 0.221, 0.133, 0.234, 0.427, 0.273, 0.121, 0.133, 0.128, 0.374, 0.123, 0.126, 0.132, 0.194]

  Feature: tempo
    Outliers Count: 17
    Outlier Values: [42.956, 207.92, 197.807, 203.815, 195.891, 196.766, 203.117, 199.001, 202.06, 207.72, 195.976, 208.589, 201.324, 199.423, 200.038, 202.983, 217.416]

  Feature: acousticness
    Outliers Count: 101
    Outlier Values: [0.96, 0.995, 0.948, 0.964, 0.991, 0.996, 0.961, 0.937, 0.988, 0.956, 0.978, 0.952, 0.987, 0.974, 0.982, 0.963, 0.978, 0.98, 0.975, 0.932, 0.934, 0.939, 0.966, 0.967, 0.958, 0.927, 0.976, 0.939, 0.925, 0.926, 0.983, 0.979, 0.953, 0.95, 0.992, 0.955, 0.989, 0.986, 0.947, 0.931, 0.934, 0.937, 0.943, 0.929, 0.932, 0.962, 0.946, 0.972, 0.938, 0.951, 0.927, 0.992, 0.989, 0.98, 0.95, 0.94, 0.944, 0.947, 0.976, 0.962, 0.989, 0.961, 0.972, 0.975, 0.95, 0.973, 0.929, 0.954, 0.948, 0.949, 0.951, 0.98, 0.949, 0.982, 0.971, 0.992, 0.926, 0.931, 0.963, 0.987, 0.995, 0.986, 0.993, 0.957, 0.941, 0.951, 0.989, 0.978, 0.929, 0.924, 0.968, 0.964, 0.993, 0.974, 0.957, 0.924, 0.99, 0.925, 0.942, 0.987, 0.993]

  Feature: liveness
    Outliers Count: 166
    Outlier Values: [0.643, 0.426, 0.666, 0.932, 0.952, 0.446, 0.708, 0.671, 0.572, 0.696, 0.622, 0.605, 0.536, 0.576, 0.547, 0.74, 0.433, 0.53, 0.796, 0.587, 0.544, 0.528, 0.451, 0.601, 0.505, 0.419, 0.644, 0.69, 0.748, 0.505, 0.514, 0.56, 0.432, 0.756, 0.789, 0.483, 0.575, 0.527, 0.485, 0.556, 0.801, 0.707, 0.499, 0.576, 0.79, 0.48, 0.7, 0.452, 0.591, 0.781, 0.601, 0.457, 0.557, 0.622, 0.716, 0.424, 0.485, 0.544, 0.605, 0.485, 0.484, 0.514, 0.612, 0.475, 0.653, 0.662, 0.623, 0.679, 0.482, 0.574, 0.501, 0.435, 0.824, 0.802, 0.476, 0.813, 0.899, 0.703, 0.449, 0.465, 0.699, 0.726, 0.451, 0.603, 0.598, 0.657, 0.667, 0.751, 0.77, 0.547, 0.568, 0.75, 0.419, 0.537, 0.42, 0.514, 0.447, 0.535, 0.499, 0.431, 0.68, 0.571, 0.566, 0.483, 0.518, 0.422, 0.489, 0.425, 0.762, 0.619, 0.892, 0.478, 0.486, 0.595, 0.639, 0.759, 0.493, 0.648, 0.484, 0.853, 0.544, 0.445, 0.634, 0.547, 0.626, 0.654, 0.706, 0.462, 0.474, 0.491, 0.538, 0.598, 0.521, 0.467, 0.641, 0.756, 0.565, 0.462, 0.519, 0.471, 0.593, 0.423, 0.619, 0.811, 0.483, 0.553, 0.492, 0.458, 0.468, 0.458, 0.437, 0.63, 0.428, 0.489, 0.638, 0.449, 0.61, 0.492, 0.781, 0.533, 0.435, 0.463, 0.764, 0.575, 0.815, 0.868]

  Feature: danceability
    Outliers Count: 2
    Outlier Values: [0.0599, 0.0756]

  Feature: duration_in min/ms
    Outliers Count: 122
    Outlier Values: [382267.0, 950210.0, 1083755.0, 426413.0, 425681.0, 56000.0, 384907.0, 450800.0, 373893.0, 437551.0, 81573.0, 1284507.0, 530894.0, 453440.0, 535600.0, 363538.0, 363156.0, 380093.0, 478067.0, 402000.0, 576703.0, 368373.0, 409440.0, 371382.0, 371500.0, 406227.0, 389200.0, 358773.0, 384400.0, 407533.0, 359934.0, 366827.0, 573306.0, 394120.0, 361760.0, 438907.0, 476689.0, 366957.0, 381428.0, 376082.0, 383101.0, 415746.0, 428803.0, 430577.0, 442854.0, 501941.0, 364115.0, 465333.0, 366267.0, 453212.0, 372867.0, 459173.0, 373895.0, 382800.0, 365440.0, 897708.0, 429707.0, 383920.0, 391829.0, 372151.0, 505773.0, 679647.0, 383827.0, 385907.0, 377533.0, 387480.0, 534307.0, 426332.0, 790093.0, 468093.0, 654123.0, 366045.0, 411732.0, 460000.0, 1041200.0, 400040.0, 394400.0, 419307.0, 399720.0, 577000.0, 412603.0, 417427.0, 547187.0, 447999.0, 66560.0, 453750.0, 402000.0, 491520.0, 368278.0, 433573.0, 431126.0, 645000.0, 455000.0, 429742.0, 417800.0, 425905.0, 40640.0, 489429.0, 436630.0, 420761.0, 359750.0, 752798.0, 497467.0, 375876.0, 522267.0, 80500.0, 74000.0, 75760.0, 450547.0, 359476.0, 386796.0, 431973.0, 486861.0, 382167.0, 409320.0, 418160.0, 600250.0, 989947.0, 402376.0, 491372.0, 375627.0, 449160.0]

Class: 7
  Feature: key
    Outliers Count: 0
    Outlier Values: []

  Feature: valence
    Outliers Count: 27
    Outlier Values: [0.662, 0.839, 0.927, 0.855, 0.948, 0.672, 0.633, 0.892, 0.67, 0.748, 0.663, 0.716, 0.805, 0.749, 0.635, 0.857, 0.685, 0.68, 0.644, 0.797, 0.789, 0.68, 0.664, 0.764, 0.697, 0.701, 0.687]

  Feature: Popularity
    Outliers Count: 21
    Outlier Values: [16.0, 20.0, 12.0, 20.0, 9.0, 20.0, 18.0, 8.0, 20.0, 19.0, 2.0, 12.0, 1.0, 20.0, 19.0, 16.0, 5.0, 13.0, 2.0, 9.0, 18.0]

  Feature: energy
    Outliers Count: 28
    Outlier Values: [0.637, 0.41, 0.58, 0.409, 0.492, 0.501, 0.69, 0.7, 0.608, 0.427, 0.552, 0.418, 0.816, 0.724, 0.404, 0.503, 0.418, 0.417, 0.463, 0.404, 0.421, 0.48, 0.414, 0.441, 0.552, 0.725, 0.709, 0.516]

  Feature: loudness
    Outliers Count: 11
    Outlier Values: [-31.366, -36.214, -34.797, -6.138, -6.125, -35.154, -31.858, -32.796, -33.082, -33.395, -31.385]

  Feature: speechiness
    Outliers Count: 32
    Outlier Values: [0.0779, 0.0982, 0.077, 0.077, 0.0846, 0.087, 0.0714, 0.0731, 0.113, 0.0728, 0.146, 0.0741, 0.0759, 0.0777, 0.0772, 0.106, 0.0834, 0.0764, 0.103, 0.0849, 0.0749, 0.0719, 0.0819, 0.0747, 0.0721, 0.0941, 0.0989, 0.0735, 0.0774, 0.0883, 0.109, 0.0832]

  Feature: tempo
    Outliers Count: 8
    Outlier Values: [191.828, 180.407, 179.466, 186.07, 216.02, 180.578, 185.678, 178.966]

  Feature: acousticness
    Outliers Count: 52
    Outlier Values: [0.755, 0.272, 0.716, 0.692, 0.759, 0.759, 0.744, 0.604, 0.607, 0.643, 0.522, 0.235, 0.704, 0.689, 0.714, 0.195, 0.762, 0.723, 0.759, 0.446, 0.473, 0.715, 0.566, 0.763, 0.596, 0.748, 0.499, 0.098, 0.747, 0.672, 0.717, 0.582, 0.669, 0.765, 0.55, 0.552, 0.778, 0.627, 0.747, 0.609, 0.62, 0.499, 0.393, 0.388, 0.154, 0.775, 0.694, 0.623, 0.712, 0.376, 0.0992, 0.704]

  Feature: liveness
    Outliers Count: 67
    Outlier Values: [0.165, 0.184, 0.368, 0.0569, 0.186, 0.208, 0.257, 0.345, 0.169, 0.367, 0.208, 0.189, 0.305, 0.24, 0.163, 0.0595, 0.241, 0.215, 0.371, 0.452, 0.332, 0.0609, 0.233, 0.0555, 0.225, 0.686, 0.311, 0.247, 0.208, 0.33, 0.353, 0.191, 0.366, 0.195, 0.288, 0.336, 0.252, 0.175, 0.284, 0.185, 0.288, 0.296, 0.483, 0.431, 0.654, 0.16, 0.162, 0.169, 0.232, 0.0597, 0.392, 0.285, 0.23, 0.194, 0.359, 0.22, 0.159, 0.239, 0.236, 0.272, 0.0612, 0.317, 0.21, 0.373, 0.693, 0.161, 0.222]

  Feature: danceability
    Outliers Count: 1
    Outlier Values: [0.93]

  Feature: duration_in min/ms
    Outliers Count: 11
    Outlier Values: [8.815783333, 8.978, 9.86245, 9.821783333, 9.513116667, 8.787116667, 9.619333333, 16.74378333, 11.90755, 9.39955, 8.305333333]

Class: 8
  Feature: key
    Outliers Count: 0
    Outlier Values: []

  Feature: valence
    Outliers Count: 8
    Outlier Values: [0.915, 0.902, 0.923, 0.882, 0.941, 0.902, 0.938, 0.87]

  Feature: Popularity
    Outliers Count: 30
    Outlier Values: [83.0, 3.0, 77.0, 1.0, 75.0, 78.0, 75.0, 9.0, 76.0, 84.0, 80.0, 75.0, 79.0, 78.0, 78.0, 77.0, 79.0, 75.0, 2.0, 76.0, 4.0, 77.0, 2.0, 5.0, 5.0, 5.0, 77.0, 78.0, 75.0, 83.0]

  Feature: energy
    Outliers Count: 174
    Outlier Values: [0.535, 0.655, 0.439, 0.53, 0.585, 0.369, 0.422, 0.143, 0.667, 0.584, 0.628, 0.352, 0.563, 0.653, 0.495, 0.662, 0.63, 0.448, 0.533, 0.643, 0.55, 0.619, 0.637, 0.658, 0.238, 0.639, 0.377, 0.196, 0.652, 0.515, 0.463, 0.533, 0.347, 0.452, 0.647, 0.33, 0.453, 0.626, 0.458, 0.433, 0.266, 0.647, 0.58, 0.28, 0.372, 0.428, 0.359, 0.647, 0.605, 0.666, 0.515, 0.378, 0.215, 0.425, 0.621, 0.624, 0.471, 0.024, 0.661, 0.599, 0.572, 0.659, 0.47, 0.552, 0.168, 0.568, 0.577, 0.274, 0.584, 0.0167, 0.631, 0.65, 0.328, 0.289, 0.553, 0.653, 0.499, 0.251, 0.613, 0.437, 0.442, 0.281, 0.358, 0.404, 0.508, 0.642, 0.47, 0.66, 0.638, 0.431, 0.424, 0.643, 0.629, 0.364, 0.631, 0.65, 0.189, 0.526, 0.504, 0.567, 0.329, 0.641, 0.499, 0.639, 0.545, 0.415, 0.581, 0.621, 0.343, 0.373, 0.631, 0.569, 0.4, 0.376, 0.571, 0.571, 0.634, 0.464, 0.487, 0.658, 0.394, 0.628, 0.543, 0.573, 0.62, 0.536, 0.584, 0.573, 0.606, 0.615, 0.656, 0.522, 0.402, 0.612, 0.581, 0.466, 0.33, 0.592, 0.575, 0.627, 0.477, 0.656, 0.565, 0.332, 0.667, 0.458, 0.311, 0.564, 0.667, 0.402, 0.662, 0.483, 0.563, 0.53, 0.524, 0.375, 0.51, 0.371, 0.42, 0.565, 0.411, 0.539, 0.336, 0.313, 0.636, 0.444, 0.576, 0.648, 0.658, 0.529, 0.591, 0.648, 0.65, 0.658]

  Feature: loudness
    Outliers Count: 74
    Outlier Values: [-11.931, -12.697, -12.226, -14.216, -11.541, -18.164, -15.31, -11.786, -13.014, -12.343, -16.163, -14.446, -11.541, -12.244, -11.659, -11.406, -15.586, -12.288, -11.521, -13.475, -14.292, -11.458, -12.085, -11.677, -12.396, -14.465, -12.731, -13.259, -12.876, -12.605, -28.353, -13.84, -11.546, -16.225, -11.802, -11.849, -13.122, -11.883, -20.968, -14.63, -13.954, -13.082, -13.169, -13.873, -13.927, -11.674, -12.486, -11.514, -11.633, -11.684, -11.528, -11.883, -11.421, -12.019, -12.672, -14.071, -12.103, -12.229, -12.476, -17.361, -13.012, -11.394, -11.399, -13.398, -13.817, -12.871, -12.441, -18.247, -11.476, -13.059, -13.529, -14.943, -12.19, -12.757]

  Feature: speechiness
    Outliers Count: 74
    Outlier Values: [0.292, 0.278, 0.272, 0.224, 0.293, 0.246, 0.244, 0.408, 0.255, 0.23, 0.311, 0.32, 0.245, 0.301, 0.22, 0.464, 0.302, 0.261, 0.215, 0.229, 0.274, 0.436, 0.225, 0.231, 0.239, 0.334, 0.289, 0.241, 0.321, 0.244, 0.322, 0.473, 0.282, 0.241, 0.281, 0.214, 0.218, 0.235, 0.234, 0.31, 0.227, 0.302, 0.442, 0.344, 0.224, 0.242, 0.296, 0.492, 0.501, 0.253, 0.285, 0.226, 0.215, 0.216, 0.235, 0.247, 0.272, 0.258, 0.219, 0.319, 0.361, 0.254, 0.222, 0.234, 0.284, 0.236, 0.261, 0.246, 0.259, 0.285, 0.223, 0.376, 0.267, 0.225]

  Feature: tempo
    Outliers Count: 0
    Outlier Values: []

  Feature: acousticness
    Outliers Count: 326
    Outlier Values: [0.379, 0.0277, 0.0128, 0.0361, 0.13, 0.664, 0.43, 0.00938, 0.061, 0.0291, 0.018, 0.405, 0.981, 0.00835, 0.0068, 0.0534, 0.194, 0.0405, 0.00814, 0.0156, 0.0353, 0.625, 0.699, 0.211, 0.0106, 0.221, 0.00835, 0.107, 0.254, 0.0111, 0.0125, 0.0119, 0.00795, 0.0306, 0.00843, 0.0119, 0.129, 0.0304, 0.0115, 0.00773, 0.011, 0.00911, 0.0174, 0.127, 0.00914, 0.113, 0.0836, 0.0421, 0.0071, 0.167, 0.158, 0.0234, 0.575, 0.586, 0.0262, 0.394, 0.311, 0.0257, 0.509, 0.0429, 0.658, 0.224, 0.0307, 0.0242, 0.836, 0.0207, 0.0468, 0.018, 0.0497, 0.219, 0.313, 0.0092, 0.388, 0.0815, 0.711, 0.0112, 0.268, 0.102, 0.00872, 0.0216, 0.00703, 0.468, 0.0364, 0.0296, 0.759, 0.0208, 0.0247, 0.065, 0.611, 0.0102, 0.00929, 0.0125, 0.484, 0.0149, 0.0282, 0.0227, 0.0726, 0.0126, 0.958, 0.0138, 0.0728, 0.0301, 0.831, 0.0665, 0.00701, 0.013, 0.00749, 0.0459, 0.0598, 0.0373, 0.027, 0.174, 0.0235, 0.00888, 0.0177, 0.449, 0.843, 0.0108, 0.162, 0.00881, 0.0695, 0.132, 0.0525, 0.0328, 0.00895, 0.0663, 0.011, 0.0964, 0.0909, 0.0535, 0.0418, 0.156, 0.011, 0.00966, 0.00742, 0.0257, 0.0174, 0.0603, 0.706, 0.224, 0.235, 0.0999, 0.0732, 0.0693, 0.354, 0.0429, 0.00726, 0.245, 0.388, 0.0133, 0.752, 0.303, 0.871, 0.0355, 0.0302, 0.177, 0.0769, 0.0381, 0.0801, 0.037, 0.0237, 0.0287, 0.00804, 0.0489, 0.0385, 0.344, 0.00848, 0.0166, 0.01, 0.0608, 0.00955, 0.0204, 0.464, 0.0159, 0.0477, 0.0228, 0.694, 0.214, 0.0069, 0.0218, 0.0471, 0.00678, 0.0171, 0.0423, 0.0194, 0.0343, 0.0125, 0.114, 0.016, 0.408, 0.135, 0.0468, 0.166, 0.254, 0.0178, 0.0167, 0.846, 0.0188, 0.0134, 0.0139, 0.015, 0.153, 0.12, 0.0111, 0.0779, 0.0128, 0.171, 0.0757, 0.0115, 0.11, 0.874, 0.0202, 0.00737, 0.536, 0.0114, 0.0124, 0.557, 0.445, 0.0242, 0.569, 0.163, 0.0385, 0.0304, 0.0318, 0.026, 0.0171, 0.0207, 0.00739, 0.013, 0.0835, 0.172, 0.211, 0.0136, 0.00939, 0.0435, 0.0327, 0.0421, 0.00962, 0.174, 0.202, 0.856, 0.00912, 0.0137, 0.795, 0.116, 0.203, 0.0299, 0.157, 0.259, 0.00678, 0.0558, 0.0105, 0.012, 0.216, 0.212, 0.496, 0.0127, 0.0919, 0.0107, 0.015, 0.0417, 0.138, 0.542, 0.0389, 0.0717, 0.871, 0.0371, 0.0131, 0.0126, 0.023, 0.359, 0.0328, 0.536, 0.0104, 0.482, 0.0272, 0.00715, 0.0235, 0.0901, 0.102, 0.0388, 0.016, 0.809, 0.0532, 0.0405, 0.286, 0.657, 0.857, 0.0158, 0.145, 0.00719, 0.012, 0.0228, 0.0198, 0.0247, 0.562, 0.0368, 0.05, 0.791, 0.0106, 0.0254, 0.0272, 0.00963, 0.0929, 0.024, 0.00681, 0.00772, 0.021, 0.014, 0.0629, 0.443, 0.0175, 0.0218, 0.00978, 0.0119, 0.045, 0.045, 0.024, 0.00902, 0.359, 0.0611, 0.0136, 0.0706, 0.63, 0.0254, 0.00914]

  Feature: liveness
    Outliers Count: 57
    Outlier Values: [0.87, 0.717, 0.929, 0.71, 0.916, 0.723, 0.68, 0.738, 0.787, 0.944, 0.724, 0.879, 0.771, 0.735, 0.67, 0.943, 0.679, 0.953, 0.926, 0.78, 0.706, 0.985, 0.834, 0.73, 0.886, 0.827, 0.709, 0.862, 0.917, 0.974, 0.769, 0.672, 0.806, 0.792, 0.703, 0.806, 0.741, 0.708, 0.693, 0.98, 0.718, 0.798, 0.873, 0.667, 0.769, 0.762, 0.676, 0.78, 0.721, 0.746, 0.665, 0.773, 0.677, 0.944, 0.707, 0.868, 0.666]

  Feature: danceability
    Outliers Count: 1
    Outlier Values: [0.807]

  Feature: duration_in min/ms
    Outliers Count: 96
    Outlier Values: [441035.0, 483440.0, 713192.0, 442733.0, 476267.0, 477027.0, 438733.0, 478302.0, 620101.0, 449947.0, 943529.0, 508307.0, 461307.0, 448837.0, 473600.0, 523467.0, 467827.0, 578000.0, 576912.0, 455920.0, 452900.0, 515080.0, 507627.0, 535360.0, 509600.0, 515387.0, 495000.0, 489960.0, 469987.0, 442500.0, 441132.0, 485018.0, 473000.0, 447298.0, 535800.0, 452080.0, 656934.0, 510587.0, 461053.0, 464280.0, 537777.0, 922218.0, 464453.0, 453387.0, 439120.0, 565973.0, 804933.0, 573989.0, 542587.0, 503760.0, 505147.0, 454433.0, 600283.0, 450733.0, 456467.0, 554613.0, 489411.0, 532352.0, 447681.0, 616080.0, 608253.0, 594213.0, 640250.0, 516267.0, 532267.0, 466382.0, 449107.0, 543760.0, 576250.0, 537203.0, 554573.0, 474400.0, 561707.0, 471280.0, 457227.0, 758360.0, 478133.0, 554893.0, 471280.0, 442907.0, 444307.0, 485880.0, 439974.0, 453733.0, 648692.0, 654427.0, 523347.0, 522250.0, 506160.0, 510240.0, 443240.0, 449787.0, 756547.0, 509640.0, 576556.0, 572133.0]

Class: 9
  Feature: key
    Outliers Count: 0
    Outlier Values: []

  Feature: valence
    Outliers Count: 0
    Outlier Values: []

  Feature: Popularity
    Outliers Count: 0
    Outlier Values: []

  Feature: energy
    Outliers Count: 0
    Outlier Values: []

  Feature: loudness
    Outliers Count: 46
    Outlier Values: [-13.422, -13.44, -15.214, -14.023, -15.335, -17.646, -17.072, -16.225, -16.727, -13.395, -13.854, -13.467, -15.287, -16.147, -13.62, -15.049, -13.777, -16.06, -16.313, -17.646, -14.007, -15.975, -14.575, -14.225, -14.178, -13.831, -14.234, -14.454, -14.202, -15.969, -14.76, -13.571, -13.577, -18.256, -14.898, -14.216, -17.1, -14.769, -14.013, -13.825, -15.192, -16.187, -13.39, -14.328, -15.099, -13.465]

  Feature: speechiness
    Outliers Count: 270
    Outlier Values: [0.221, 0.154, 0.306, 0.282, 0.226, 0.287, 0.215, 0.251, 0.17, 0.376, 0.253, 0.268, 0.168, 0.145, 0.36, 0.213, 0.249, 0.159, 0.202, 0.303, 0.38, 0.259, 0.203, 0.305, 0.165, 0.423, 0.375, 0.147, 0.164, 0.48, 0.323, 0.303, 0.409, 0.229, 0.301, 0.25, 0.215, 0.182, 0.278, 0.199, 0.359, 0.165, 0.245, 0.204, 0.148, 0.29, 0.368, 0.209, 0.345, 0.151, 0.701, 0.411, 0.218, 0.149, 0.221, 0.481, 0.242, 0.361, 0.17, 0.244, 0.151, 0.335, 0.265, 0.353, 0.398, 0.148, 0.167, 0.258, 0.241, 0.187, 0.154, 0.235, 0.289, 0.148, 0.242, 0.311, 0.188, 0.308, 0.309, 0.156, 0.157, 0.173, 0.15, 0.151, 0.245, 0.2, 0.253, 0.159, 0.505, 0.335, 0.202, 0.226, 0.272, 0.479, 0.146, 0.158, 0.188, 0.252, 0.212, 0.311, 0.357, 0.164, 0.2, 0.246, 0.173, 0.146, 0.175, 0.42, 0.182, 0.2, 0.19, 0.257, 0.409, 0.189, 0.18, 0.273, 0.232, 0.262, 0.146, 0.304, 0.409, 0.148, 0.201, 0.158, 0.162, 0.301, 0.431, 0.472, 0.154, 0.209, 0.22, 0.257, 0.269, 0.149, 0.147, 0.339, 0.151, 0.146, 0.227, 0.21, 0.339, 0.513, 0.286, 0.491, 0.487, 0.333, 0.26, 0.208, 0.204, 0.222, 0.261, 0.269, 0.28, 0.179, 0.221, 0.152, 0.267, 0.26, 0.182, 0.228, 0.151, 0.19, 0.222, 0.261, 0.226, 0.176, 0.38, 0.193, 0.409, 0.222, 0.219, 0.326, 0.146, 0.368, 0.296, 0.277, 0.305, 0.331, 0.286, 0.201, 0.216, 0.346, 0.162, 0.152, 0.522, 0.226, 0.251, 0.187, 0.156, 0.174, 0.156, 0.313, 0.172, 0.324, 0.217, 0.147, 0.205, 0.23, 0.251, 0.151, 0.173, 0.146, 0.153, 0.187, 0.333, 0.473, 0.246, 0.295, 0.189, 0.163, 0.403, 0.309, 0.302, 0.457, 0.24, 0.327, 0.341, 0.268, 0.313, 0.214, 0.232, 0.164, 0.277, 0.208, 0.167, 0.229, 0.149, 0.17, 0.539, 0.156, 0.219, 0.334, 0.214, 0.282, 0.274, 0.152, 0.169, 0.204, 0.158, 0.154, 0.268, 0.208, 0.161, 0.159, 0.208, 0.207, 0.24, 0.301, 0.226, 0.475, 0.191, 0.494, 0.242, 0.187, 0.16, 0.286, 0.289, 0.148, 0.167, 0.147, 0.159, 0.191, 0.226, 0.322, 0.277, 0.22, 0.187, 0.17, 0.218, 0.253]

  Feature: tempo
    Outliers Count: 31
    Outlier Values: [189.857, 192.147, 187.934, 191.803, 207.476, 204.312, 196.505, 194.169, 198.045, 195.864, 189.901, 202.093, 188.115, 189.877, 194.001, 190.773, 193.438, 191.059, 199.992, 189.841, 201.099, 189.333, 191.931, 216.053, 196.052, 187.906, 203.841, 187.932, 199.903, 189.785, 203.624]

  Feature: acousticness
    Outliers Count: 0
    Outlier Values: []

  Feature: liveness
    Outliers Count: 176
    Outlier Values: [0.66, 0.973, 0.414, 0.543, 0.43, 0.647, 0.522, 0.575, 0.739, 0.415, 0.924, 0.977, 0.762, 0.986, 0.637, 0.56, 0.661, 0.799, 0.75, 0.948, 0.677, 0.906, 0.422, 0.446, 0.764, 0.484, 0.618, 0.596, 0.443, 0.558, 0.923, 0.935, 0.531, 0.694, 0.505, 0.847, 0.874, 0.531, 0.481, 0.483, 0.649, 0.984, 0.432, 0.409, 0.551, 0.639, 0.612, 0.445, 0.427, 0.508, 0.482, 0.928, 0.893, 0.438, 0.474, 0.758, 0.423, 0.427, 0.766, 0.536, 0.493, 0.818, 0.953, 0.42, 0.413, 0.481, 0.675, 0.988, 0.698, 0.568, 0.515, 0.409, 0.524, 0.954, 0.896, 0.436, 0.809, 0.594, 0.631, 0.561, 0.493, 0.465, 0.566, 0.989, 0.476, 0.562, 0.961, 0.707, 0.969, 0.967, 0.992, 0.44, 0.51, 0.688, 0.911, 0.719, 0.598, 0.972, 0.664, 0.964, 0.962, 0.97, 0.773, 0.563, 0.689, 0.95, 0.697, 0.547, 0.571, 0.598, 0.412, 0.431, 0.671, 0.986, 0.669, 0.964, 0.421, 0.474, 0.678, 0.701, 0.702, 0.765, 0.725, 0.578, 0.732, 0.571, 0.488, 0.617, 0.933, 1.0, 0.976, 0.591, 0.972, 0.96, 0.738, 0.48, 0.971, 0.984, 0.972, 0.42, 0.966, 0.694, 0.987, 0.899, 0.723, 0.546, 0.527, 0.684, 0.974, 0.941, 0.922, 0.687, 0.66, 0.489, 0.699, 0.441, 0.678, 0.433, 0.906, 0.503, 0.988, 0.611, 0.617, 0.662, 0.95, 0.889, 0.414, 0.527, 0.982, 0.801, 0.971, 0.689, 0.956, 0.628, 0.471, 0.631]

  Feature: danceability
    Outliers Count: 20
    Outlier Values: [0.254, 0.229, 0.255, 0.257, 0.216, 0.24, 0.233, 0.209, 0.247, 0.197, 0.252, 0.251, 0.207, 0.226, 0.159, 0.203, 0.245, 0.236, 0.22, 0.208]

  Feature: duration_in min/ms
    Outliers Count: 407
    Outlier Values: [4.747333333, 4.98235, 2.48178333, 811077.0, 3.07021667, 2.96911667, 2.5801, 4.592, 4.33955, 2.64105, 3.276883333, 2.69473333, 3.848883333, 2.50088333, 349240.0, 5.057233333, 339506.0, 347526.0, 3.1035, 3.6, 3.38538333, 343800.0, 3.509333333, 4.832216667, 3.45113333, 327489.0, 3.334216667, 3.0884, 3.03136667, 2.565366667, 6.838, 2.93953333, 322267.0, 4.11445, 2.213, 3.653783333, 4.898233333, 3.002033333, 391257.0, 3.12641667, 3.44155, 1.461783333, 3.443116667, 327080.0, 4.068883333, 2.792666667, 3.764, 3.92155, 6.260616667, 413880.0, 4.03493333, 3.30618333, 4.270666667, 5.927783333, 3.366283333, 3.850666667, 3.11341667, 3.806666667, 323000.0, 3.888, 3.437116667, 4.072666667, 3.778883333, 3.00155, 345827.0, 3.481116667, 4.04555, 3.22888333, 5.208883333, 4.134, 3.0621, 360933.0, 4.341333333, 3.82045, 2.66985, 3.368216667, 3.517783333, 2.68133333, 3.14045, 3.878933333, 6.236683333, 4.352883333, 3.922883333, 317933.0, 3.357783333, 380500.0, 2.2875, 3.16555, 3.644333333, 3.4298, 3.74, 2.7407, 4.03045, 2.881783333, 2.88911667, 3.670283333, 3.183633333, 3.88155, 4.776833333, 2.95051667, 3.900666667, 2.81685, 3.768883333, 3.588883333, 3.15103333, 4.02155, 3.687333333, 2.81923333, 3.639116667, 2.76543333, 4.06355, 7.416, 3.454666667, 351240.0, 3.5954, 4.058883333, 322000.0, 5.05445, 3.657333333, 1.86035, 317493.0, 3.611783333, 2.06645, 464000.0, 3.822666667, 4.161116667, 326933.0, 7.226883333, 4.22445, 4.658, 4.31305, 3.301366667, 2.85333333, 3.519333333, 4.358883333, 3.5918, 2.04621667, 2.088366667, 3.407333333, 3.492883333, 3.834883333, 2.22845, 3.98445, 3.223816667, 6.55245, 4.660666667, 3.18356667, 3.15625, 4.186083333, 386907.0, 385307.0, 3.312216667, 3.734033333, 4.741333333, 3.936666667, 3.07725, 2.96426667, 362653.0, 4.216216667, 3.85715, 4.03283333, 3.812, 317853.0, 3.897116667, 3.892216667, 3.14821667, 3.72045, 2.038983333, 2.94955, 3.637783333, 4.24111667, 3.921333333, 4.239016667, 2.213, 2.79933333, 3.33245, 2.64755, 3.80555, 495293.0, 3.972883333, 3.49126667, 3.498883333, 4.967533333, 3.651783333, 2.2, 3.930316667, 2.6854, 2.98958333, 316360.0, 3.68151667, 2.81921667, 2.67943333, 3.74, 3.810666667, 2.83908333, 4.986, 2.921116667, 0.96915, 332467.0, 4.247116667, 3.266, 2.577783333, 3.108216667, 4.147116667, 2.72888333, 3.588, 3.052666667, 2.55563333, 340707.0, 3.495333333, 4.006666667, 332333.0, 4.80245, 3.647116667, 3.668666667, 3.61955, 3.256666667, 370983.0, 3.21241667, 3.495366667, 3.006333333, 3.556666667, 3.312666667, 3.289333333, 4.17, 4.06675, 3.851116667, 3.37155, 2.69355, 3.47666667, 2.30245, 8.256, 3.636216667, 3.280216667, 7.069133333, 3.50933333, 2.046216667, 328766.0, 3.547683333, 4.067333333, 3.535116667, 4.274, 2.356233333, 3.43445, 2.71338333, 4.679066667, 2.92391667, 3.87, 2.41666667, 4.541116667, 2.86238333, 2.64323333, 4.080883333, 3.60193333, 3.59645, 4.279333333, 326907.0, 3.608666667, 3.277783333, 3.32673333, 0.979333333, 315603.0, 3.555116667, 6.379116667, 4.300666667, 3.353183333, 3.426666667, 3.31275, 3.50366667, 7.361116667, 4.382216667, 3.454666667, 2.36343333, 3.82245, 2.45103333, 3.270216667, 3.704883333, 3.145583333, 3.782216667, 4.267116667, 3.48111667, 2.88045, 3.13155, 6.316883333, 2.681333333, 3.393333333, 3.844, 6.124883333, 5.632, 2.91711667, 3.526, 3.934, 2.64228333, 3.609116667, 3.533783333, 3.301116667, 5.761116667, 1.875783333, 3.85878333, 3.371783333, 3.459116667, 6.280883333, 2.29335, 365365.0, 4.4544, 3.85068333, 3.12573333, 353893.0, 4.38845, 5.34, 4.03155, 3.06245, 4.197116667, 3.551133333, 3.654, 3.734666667, 3.806883333, 2.904216667, 3.610883333, 5.11955, 3.30136667, 5.732216667, 369475.0, 3.84285, 2.763783333, 3.564883333, 1.863116667, 3.887783333, 4.425333333, 6.272766667, 3.507783333, 4.10245, 3.92, 3.916, 319393.0, 377093.0, 3.845616667, 2.363433333, 4.12, 3.729333333, 4.062883333, 4.35, 3.066216667, 4.099066667, 4.218216667, 4.60955, 4.441016667, 9.835333333, 4.757783333, 391187.0, 3.047616667, 3.933333333, 4.43045, 3.313333333, 2.61605, 2.8005, 2.29793333, 409440.0, 4.002766667, 2.96913333, 2.448, 4.034933333, 3.289333333, 3.365116667, 3.853116667, 3.925333333, 3.101783333, 2.57915, 3.20355, 2.4506, 3.507716667, 4.43755, 3.4342, 3.77113333, 3.684883333, 4.041116667, 3.88045, 3.705116667, 314760.0, 2.887783333, 3.298216667, 4.647333333, 3.3844, 4.537116667, 3.62346667, 2.94666667, 3.605533333, 6.03695, 3.917783333, 4.111333333, 3.752216667, 436840.0, 3.547783333, 5.0159, 2.06645, 3.657783333, 5.528883333, 3.062666667, 3.383333333, 5.975783333, 3.692216667, 3.26755, 2.54445, 1.77215, 3.941783333, 2.58305, 3.657333333]

